@RHS
@OBJ
y[0,1]	u[0,1]	6.28
y[0,2]	u[0,2]	6.629
y[0,3]	u[0,3]	2.408
y[0,4]	u[0,4]	4.562
y[1,0]	u[1,0]	6.28
y[1,2]	u[1,2]	0.424
y[1,3]	u[1,3]	3.985
y[1,4]	u[1,4]	2.326
y[1,5]	u[1,5]	0.943
y[1,6]	u[1,6]	5.883
y[2,0]	u[2,0]	6.629
y[2,1]	u[2,1]	0.424
y[2,3]	u[2,3]	4.366
y[2,4]	u[2,4]	2.5
y[2,5]	u[2,5]	0.943
y[2,6]	u[2,6]	5.994
y[3,0]	u[3,0]	2.408
y[3,1]	u[3,1]	3.985
y[3,2]	u[3,2]	4.366
y[3,4]	u[3,4]	2.78
y[3,5]	u[3,5]	4.653
y[4,0]	u[4,0]	4.562
y[4,1]	u[4,1]	2.326
y[4,2]	u[4,2]	2.5
y[4,3]	u[4,3]	2.78
y[4,5]	u[4,5]	3.265
y[5,1]	u[5,1]	0.943
y[5,2]	u[5,2]	0.943
y[5,3]	u[5,3]	4.653
y[5,4]	u[5,4]	3.265
y[5,6]	u[5,6]	5.054
y[6,1]	u[6,1]	5.883
y[6,2]	u[6,2]	5.994
y[6,5]	u[6,5]	5.054
@MAT
