@RHS
@OBJ
y[0,1]	u[0,1]	2.433
y[0,2]	u[0,2]	6.957
y[0,3]	u[0,3]	7.355
y[0,4]	u[0,4]	2.508
y[0,5]	u[0,5]	7.543
y[0,6]	u[0,6]	4.342
y[1,0]	u[1,0]	2.433
y[1,2]	u[1,2]	8.376
y[1,3]	u[1,3]	7.653
y[1,4]	u[1,4]	1.404
y[1,6]	u[1,6]	6.703
y[2,0]	u[2,0]	6.957
y[2,1]	u[2,1]	8.376
y[2,3]	u[2,3]	3.748
y[2,4]	u[2,4]	7.184
y[2,5]	u[2,5]	2.596
y[2,6]	u[2,6]	7.5
y[2,7]	u[2,7]	2.731
y[3,0]	u[3,0]	7.355
y[3,1]	u[3,1]	7.653
y[3,2]	u[3,2]	3.748
y[3,4]	u[3,4]	6.251
y[3,5]	u[3,5]	6.335
y[3,7]	u[3,7]	3.22
y[4,0]	u[4,0]	2.508
y[4,1]	u[4,1]	1.404
y[4,2]	u[4,2]	7.184
y[4,3]	u[4,3]	6.251
y[4,5]	u[4,5]	8.545
y[4,6]	u[4,6]	6.791
y[4,7]	u[4,7]	8.785
y[5,0]	u[5,0]	7.543
y[5,2]	u[5,2]	2.596
y[5,3]	u[5,3]	6.335
y[5,4]	u[5,4]	8.545
y[5,6]	u[5,6]	6.512
y[5,7]	u[5,7]	4.817
y[6,0]	u[6,0]	4.342
y[6,1]	u[6,1]	6.703
y[6,2]	u[6,2]	7.5
y[6,4]	u[6,4]	6.791
y[6,5]	u[6,5]	6.512
y[7,2]	u[7,2]	2.731
y[7,3]	u[7,3]	3.22
y[7,4]	u[7,4]	8.785
y[7,5]	u[7,5]	4.817
@MAT
