@RHS
@OBJ
y[0,1]	u[0,1]	5.325
y[0,2]	u[0,2]	6.159
y[0,3]	u[0,3]	6.546
y[0,4]	u[0,4]	4.305
y[0,5]	u[0,5]	5.308
y[0,7]	u[0,7]	1.78
y[1,0]	u[1,0]	5.325
y[1,2]	u[1,2]	8.273
y[1,3]	u[1,3]	5.408
y[1,6]	u[1,6]	4.696
y[1,7]	u[1,7]	5.5
y[2,0]	u[2,0]	6.159
y[2,1]	u[2,1]	8.273
y[2,3]	u[2,3]	4.245
y[2,4]	u[2,4]	3.614
y[2,5]	u[2,5]	3.601
y[2,6]	u[2,6]	8.081
y[2,7]	u[2,7]	4.391
y[3,0]	u[3,0]	6.546
y[3,1]	u[3,1]	5.408
y[3,2]	u[3,2]	4.245
y[3,4]	u[3,4]	6.768
y[3,5]	u[3,5]	7.245
y[3,6]	u[3,6]	3.842
y[3,7]	u[3,7]	5.148
y[4,0]	u[4,0]	4.305
y[4,2]	u[4,2]	3.614
y[4,3]	u[4,3]	6.768
y[4,5]	u[4,5]	1.005
y[4,7]	u[4,7]	3.178
y[5,0]	u[5,0]	5.308
y[5,2]	u[5,2]	3.601
y[5,3]	u[5,3]	7.245
y[5,4]	u[5,4]	1.005
y[5,7]	u[5,7]	4.144
y[6,1]	u[6,1]	4.696
y[6,2]	u[6,2]	8.081
y[6,3]	u[6,3]	3.842
y[6,7]	u[6,7]	7.845
y[7,0]	u[7,0]	1.78
y[7,1]	u[7,1]	5.5
y[7,2]	u[7,2]	4.391
y[7,3]	u[7,3]	5.148
y[7,4]	u[7,4]	3.178
y[7,5]	u[7,5]	4.144
y[7,6]	u[7,6]	7.845
@MAT
