@RHS
@OBJ
y[0,2]	u[0,2]	4.909
y[0,3]	u[0,3]	1.811
y[0,4]	u[0,4]	2.202
y[0,5]	u[0,5]	2.476
y[0,6]	u[0,6]	5.099
y[0,7]	u[0,7]	4.639
y[1,2]	u[1,2]	3.585
y[1,5]	u[1,5]	5.8
y[1,6]	u[1,6]	4.884
y[2,0]	u[2,0]	4.909
y[2,1]	u[2,1]	3.585
y[2,3]	u[2,3]	4.393
y[2,4]	u[2,4]	5.162
y[2,5]	u[2,5]	2.563
y[2,6]	u[2,6]	1.924
y[2,7]	u[2,7]	5.07
y[3,0]	u[3,0]	1.811
y[3,2]	u[3,2]	4.393
y[3,4]	u[3,4]	3.848
y[3,5]	u[3,5]	1.9
y[3,6]	u[3,6]	5.261
y[3,7]	u[3,7]	2.828
y[4,0]	u[4,0]	2.202
y[4,2]	u[4,2]	5.162
y[4,3]	u[4,3]	3.848
y[4,5]	u[4,5]	3.513
y[4,6]	u[4,6]	4.5
y[5,0]	u[5,0]	2.476
y[5,1]	u[5,1]	5.8
y[5,2]	u[5,2]	2.563
y[5,3]	u[5,3]	1.9
y[5,4]	u[5,4]	3.513
y[5,6]	u[5,6]	3.396
y[5,7]	u[5,7]	3.624
y[6,0]	u[6,0]	5.099
y[6,1]	u[6,1]	4.884
y[6,2]	u[6,2]	1.924
y[6,3]	u[6,3]	5.261
y[6,4]	u[6,4]	4.5
y[6,5]	u[6,5]	3.396
y[7,0]	u[7,0]	4.639
y[7,1]	u[7,1]	6.61
y[7,2]	u[7,2]	5.07
y[7,3]	u[7,3]	2.828
y[7,4]	u[7,4]	6.61
y[7,5]	u[7,5]	3.624
@MAT
