@RHS
@OBJ
y[0,1]	u[0,1]	3.5
y[0,2]	u[0,2]	2.83
y[0,3]	u[0,3]	5.179
y[0,4]	u[0,4]	2.625
y[0,5]	u[0,5]	5.109
y[0,6]	u[0,6]	3.805
y[0,7]	u[0,7]	4.23
y[1,0]	u[1,0]	3.5
y[1,2]	u[1,2]	5.235
y[1,3]	u[1,3]	3.551
y[1,4]	u[1,4]	6.042
y[1,5]	u[1,5]	6.36
y[1,6]	u[1,6]	3.106
y[2,0]	u[2,0]	2.83
y[2,1]	u[2,1]	5.235
y[2,3]	u[2,3]	4.884
y[2,4]	u[2,4]	2.302
y[2,5]	u[2,5]	2.563
y[2,6]	u[2,6]	3.471
y[2,7]	u[2,7]	6.395
y[3,0]	u[3,0]	5.179
y[3,1]	u[3,1]	3.551
y[3,2]	u[3,2]	4.884
y[3,5]	u[3,5]	4.368
y[3,6]	u[3,6]	1.476
y[4,0]	u[4,0]	2.625
y[4,1]	u[4,1]	6.042
y[4,2]	u[4,2]	2.302
y[4,5]	u[4,5]	4.768
y[4,6]	u[4,6]	5.334
y[4,7]	u[4,7]	4.534
y[5,0]	u[5,0]	5.109
y[5,1]	u[5,1]	6.36
y[5,2]	u[5,2]	2.563
y[5,3]	u[5,3]	4.368
y[5,4]	u[5,4]	4.768
y[5,6]	u[5,6]	3.501
y[6,0]	u[6,0]	3.805
y[6,1]	u[6,1]	3.106
y[6,2]	u[6,2]	3.471
y[6,3]	u[6,3]	1.476
y[6,4]	u[6,4]	5.334
y[6,5]	u[6,5]	3.501
y[7,0]	u[7,0]	4.23
y[7,2]	u[7,2]	6.395
y[7,4]	u[7,4]	4.534
@MAT
