@RHS
@OBJ
y[0,1]	u[0,1]	5.88
y[0,2]	u[0,2]	3.5
y[0,3]	u[0,3]	5.045
y[0,4]	u[0,4]	1.992
y[0,5]	u[0,5]	4.031
y[0,6]	u[0,6]	5.831
y[0,7]	u[0,7]	3.94
y[1,0]	u[1,0]	5.88
y[1,2]	u[1,2]	4.002
y[1,3]	u[1,3]	1.2
y[1,4]	u[1,4]	5.385
y[1,6]	u[1,6]	5.349
y[1,7]	u[1,7]	6.007
y[2,0]	u[2,0]	3.5
y[2,1]	u[2,1]	4.002
y[2,3]	u[2,3]	3.912
y[2,4]	u[2,4]	4.519
y[3,0]	u[3,0]	5.045
y[3,1]	u[3,1]	1.2
y[3,2]	u[3,2]	3.912
y[3,4]	u[3,4]	4.294
y[3,6]	u[3,6]	4.249
y[3,7]	u[3,7]	4.809
y[4,0]	u[4,0]	1.992
y[4,1]	u[4,1]	5.385
y[4,2]	u[4,2]	4.519
y[4,3]	u[4,3]	4.294
y[4,5]	u[4,5]	2.47
y[4,6]	u[4,6]	3.9
y[4,7]	u[4,7]	1.972
y[5,0]	u[5,0]	4.031
y[5,4]	u[5,4]	2.47
y[5,6]	u[5,6]	3.78
y[5,7]	u[5,7]	1.526
y[6,0]	u[6,0]	5.831
y[6,1]	u[6,1]	5.349
y[6,3]	u[6,3]	4.249
y[6,4]	u[6,4]	3.9
y[6,5]	u[6,5]	3.78
y[6,7]	u[6,7]	2.417
y[7,0]	u[7,0]	3.94
y[7,1]	u[7,1]	6.007
y[7,3]	u[7,3]	4.809
y[7,4]	u[7,4]	1.972
y[7,5]	u[7,5]	1.526
y[7,6]	u[7,6]	2.417
@MAT
