@RHS
@OBJ
y[0,1]	u[0,1]	6.28
y[0,2]	u[0,2]	6.629
y[0,3]	u[0,3]	2.408
y[0,4]	u[0,4]	4.562
y[0,5]	u[0,5]	7.018
y[0,8]	u[0,8]	4.23
y[0,9]	u[0,9]	5.148
y[1,0]	u[1,0]	6.28
y[1,2]	u[1,2]	0.424
y[1,3]	u[1,3]	3.985
y[1,4]	u[1,4]	2.326
y[1,5]	u[1,5]	0.943
y[1,6]	u[1,6]	5.883
y[1,7]	u[1,7]	1.414
y[1,9]	u[1,9]	6.629
y[2,0]	u[2,0]	6.629
y[2,1]	u[2,1]	0.424
y[2,3]	u[2,3]	4.366
y[2,4]	u[2,4]	2.5
y[2,5]	u[2,5]	0.943
y[2,6]	u[2,6]	5.994
y[2,7]	u[2,7]	1.208
y[2,9]	u[2,9]	7.046
y[3,0]	u[3,0]	2.408
y[3,1]	u[3,1]	3.985
y[3,2]	u[3,2]	4.366
y[3,4]	u[3,4]	2.78
y[3,5]	u[3,5]	4.653
y[3,7]	u[3,7]	5.295
y[3,8]	u[3,8]	4.428
y[3,9]	u[3,9]	4.301
y[4,0]	u[4,0]	4.562
y[4,1]	u[4,1]	2.326
y[4,2]	u[4,2]	2.5
y[4,3]	u[4,3]	2.78
y[4,5]	u[4,5]	3.265
y[4,7]	u[4,7]	3.7
y[4,8]	u[4,8]	7.169
y[4,9]	u[4,9]	6.694
y[5,0]	u[5,0]	7.018
y[5,1]	u[5,1]	0.943
y[5,2]	u[5,2]	0.943
y[5,3]	u[5,3]	4.653
y[5,4]	u[5,4]	3.265
y[5,6]	u[5,6]	5.054
y[5,7]	u[5,7]	0.671
y[5,9]	u[5,9]	6.727
y[6,1]	u[6,1]	5.883
y[6,2]	u[6,2]	5.994
y[6,5]	u[6,5]	5.054
y[6,7]	u[6,7]	5.092
y[6,9]	u[6,9]	6.818
y[7,1]	u[7,1]	1.414
y[7,2]	u[7,2]	1.208
y[7,3]	u[7,3]	5.295
y[7,4]	u[7,4]	3.7
y[7,5]	u[7,5]	0.671
y[7,6]	u[7,6]	5.092
y[7,9]	u[7,9]	7.355
y[8,0]	u[8,0]	4.23
y[8,3]	u[8,3]	4.428
y[8,4]	u[8,4]	7.169
y[8,9]	u[8,9]	2.022
y[9,0]	u[9,0]	5.148
y[9,1]	u[9,1]	6.629
y[9,2]	u[9,2]	7.046
y[9,3]	u[9,3]	4.301
y[9,4]	u[9,4]	6.694
y[9,5]	u[9,5]	6.727
y[9,6]	u[9,6]	6.818
y[9,7]	u[9,7]	7.355
y[9,8]	u[9,8]	2.022
@MAT
