@RHS
@OBJ
y[0,1]	u[0,1]	3.5
y[0,2]	u[0,2]	2.83
y[0,3]	u[0,3]	5.179
y[0,4]	u[0,4]	2.625
y[0,5]	u[0,5]	5.109
y[0,6]	u[0,6]	3.805
y[0,7]	u[0,7]	4.23
y[0,8]	u[0,8]	6.93
y[0,9]	u[0,9]	6.364
y[1,0]	u[1,0]	3.5
y[1,2]	u[1,2]	5.235
y[1,3]	u[1,3]	3.551
y[1,4]	u[1,4]	6.042
y[1,5]	u[1,5]	6.36
y[1,6]	u[1,6]	3.106
y[1,7]	u[1,7]	6.707
y[1,8]	u[1,8]	3.5
y[1,9]	u[1,9]	2.941
y[2,0]	u[2,0]	2.83
y[2,1]	u[2,1]	5.235
y[2,3]	u[2,3]	4.884
y[2,4]	u[2,4]	2.302
y[2,5]	u[2,5]	2.563
y[2,6]	u[2,6]	3.471
y[2,7]	u[2,7]	6.395
y[2,9]	u[2,9]	7.524
y[3,0]	u[3,0]	5.179
y[3,1]	u[3,1]	3.551
y[3,2]	u[3,2]	4.884
y[3,4]	u[3,4]	6.81
y[3,5]	u[3,5]	4.368
y[3,6]	u[3,6]	1.476
y[3,8]	u[3,8]	4.005
y[3,9]	u[3,9]	3.65
y[4,0]	u[4,0]	2.625
y[4,1]	u[4,1]	6.042
y[4,2]	u[4,2]	2.302
y[4,3]	u[4,3]	6.81
y[4,5]	u[4,5]	4.768
y[4,6]	u[4,6]	5.334
y[4,7]	u[4,7]	4.534
y[5,0]	u[5,0]	5.109
y[5,1]	u[5,1]	6.36
y[5,2]	u[5,2]	2.563
y[5,3]	u[5,3]	4.368
y[5,4]	u[5,4]	4.768
y[5,6]	u[5,6]	3.501
y[5,9]	u[5,9]	7.823
y[6,0]	u[6,0]	3.805
y[6,1]	u[6,1]	3.106
y[6,2]	u[6,2]	3.471
y[6,3]	u[6,3]	1.476
y[6,4]	u[6,4]	5.334
y[6,5]	u[6,5]	3.501
y[6,8]	u[6,8]	4.827
y[6,9]	u[6,9]	4.357
y[7,0]	u[7,0]	4.23
y[7,1]	u[7,1]	6.707
y[7,2]	u[7,2]	6.395
y[7,4]	u[7,4]	4.534
y[8,0]	u[8,0]	6.93
y[8,1]	u[8,1]	3.5
y[8,3]	u[8,3]	4.005
y[8,6]	u[8,6]	4.827
y[8,9]	u[8,9]	0.566
y[9,0]	u[9,0]	6.364
y[9,1]	u[9,1]	2.941
y[9,2]	u[9,2]	7.524
y[9,3]	u[9,3]	3.65
y[9,5]	u[9,5]	7.823
y[9,6]	u[9,6]	4.357
y[9,8]	u[9,8]	0.566
@MAT
