@RHS
@OBJ
y[0,2]	u[0,2]	3.5
y[0,3]	u[0,3]	5.045
y[0,4]	u[0,4]	1.992
y[0,5]	u[0,5]	4.031
y[0,7]	u[0,7]	3.94
y[0,8]	u[0,8]	1.628
y[0,10]	u[0,10]	3.413
y[1,2]	u[1,2]	4.002
y[1,3]	u[1,3]	1.2
y[1,4]	u[1,4]	5.385
y[1,6]	u[1,6]	5.349
y[1,9]	u[1,9]	2.953
y[1,10]	u[1,10]	2.581
y[2,0]	u[2,0]	3.5
y[2,1]	u[2,1]	4.002
y[2,3]	u[2,3]	3.912
y[2,4]	u[2,4]	4.519
y[2,8]	u[2,8]	4.754
y[2,9]	u[2,9]	5.566
y[2,10]	u[2,10]	1.897
y[3,0]	u[3,0]	5.045
y[3,1]	u[3,1]	1.2
y[3,2]	u[3,2]	3.912
y[3,4]	u[3,4]	4.294
y[3,6]	u[3,6]	4.249
y[3,7]	u[3,7]	4.809
y[3,8]	u[3,8]	5.077
y[3,9]	u[3,9]	1.98
y[3,10]	u[3,10]	2.121
y[4,0]	u[4,0]	1.992
y[4,1]	u[4,1]	5.385
y[4,2]	u[4,2]	4.519
y[4,3]	u[4,3]	4.294
y[4,5]	u[4,5]	2.47
y[4,6]	u[4,6]	3.9
y[4,7]	u[4,7]	1.972
y[4,8]	u[4,8]	0.86
y[4,9]	u[4,9]	4.162
y[4,10]	u[4,10]	3.501
y[5,0]	u[5,0]	4.031
y[5,4]	u[5,4]	2.47
y[5,6]	u[5,6]	3.78
y[5,7]	u[5,7]	1.526
y[5,8]	u[5,8]	2.408
y[5,9]	u[5,9]	5.324
y[6,1]	u[6,1]	5.349
y[6,3]	u[6,3]	4.249
y[6,4]	u[6,4]	3.9
y[6,5]	u[6,5]	3.78
y[6,7]	u[6,7]	2.417
y[6,8]	u[6,8]	4.627
y[6,9]	u[6,9]	2.452
y[6,10]	u[6,10]	5.315
y[7,0]	u[7,0]	3.94
y[7,3]	u[7,3]	4.809
y[7,4]	u[7,4]	1.972
y[7,5]	u[7,5]	1.526
y[7,6]	u[7,6]	2.417
y[7,8]	u[7,8]	2.452
y[7,9]	u[7,9]	3.801
y[7,10]	u[7,10]	4.847
y[8,0]	u[8,0]	1.628
y[8,2]	u[8,2]	4.754
y[8,3]	u[8,3]	5.077
y[8,4]	u[8,4]	0.86
y[8,5]	u[8,5]	2.408
y[8,6]	u[8,6]	4.627
y[8,7]	u[8,7]	2.452
y[8,9]	u[8,9]	5.022
y[8,10]	u[8,10]	4.045
y[9,1]	u[9,1]	2.953
y[9,2]	u[9,2]	5.566
y[9,3]	u[9,3]	1.98
y[9,4]	u[9,4]	4.162
y[9,5]	u[9,5]	5.324
y[9,6]	u[9,6]	2.452
y[9,7]	u[9,7]	3.801
y[9,8]	u[9,8]	5.022
y[9,10]	u[9,10]	3.669
y[10,0]	u[10,0]	3.413
y[10,1]	u[10,1]	2.581
y[10,2]	u[10,2]	1.897
y[10,3]	u[10,3]	2.121
y[10,4]	u[10,4]	3.501
y[10,6]	u[10,6]	5.315
y[10,7]	u[10,7]	4.847
y[10,8]	u[10,8]	4.045
y[10,9]	u[10,9]	3.669
@MAT
