@RHS
@OBJ
y[0,1]	u[0,1]	2.86
y[0,2]	u[0,2]	5.814
y[0,3]	u[0,3]	3.821
y[0,4]	u[0,4]	6.476
y[0,5]	u[0,5]	5.727
y[0,6]	u[0,6]	6.801
y[1,0]	u[1,0]	2.86
y[1,3]	u[1,3]	6.451
y[2,0]	u[2,0]	5.814
y[2,3]	u[2,3]	3.453
y[2,4]	u[2,4]	2.983
y[2,5]	u[2,5]	1.612
y[2,6]	u[2,6]	6.168
y[3,0]	u[3,0]	3.821
y[3,1]	u[3,1]	6.451
y[3,2]	u[3,2]	3.453
y[3,4]	u[3,4]	2.731
y[3,5]	u[3,5]	2.441
y[3,6]	u[3,6]	3.612
y[4,0]	u[4,0]	6.476
y[4,2]	u[4,2]	2.983
y[4,3]	u[4,3]	2.731
y[4,5]	u[4,5]	1.421
y[4,6]	u[4,6]	3.506
y[5,0]	u[5,0]	5.727
y[5,2]	u[5,2]	1.612
y[5,3]	u[5,3]	2.441
y[5,4]	u[5,4]	1.421
y[5,6]	u[5,6]	4.588
y[6,0]	u[6,0]	6.801
y[6,2]	u[6,2]	6.168
y[6,3]	u[6,3]	3.612
y[6,4]	u[6,4]	3.506
y[6,5]	u[6,5]	4.588
@MAT
