@RHS
@OBJ
y[0,1]	u[0,1]	6.227
y[0,2]	u[0,2]	3.5
y[0,3]	u[0,3]	6.888
y[0,4]	u[0,4]	1.709
y[0,5]	u[0,5]	6.075
y[0,6]	u[0,6]	2.421
y[0,7]	u[0,7]	6.736
y[1,0]	u[1,0]	6.227
y[1,2]	u[1,2]	7.506
y[1,3]	u[1,3]	3.72
y[1,4]	u[1,4]	6.718
y[1,6]	u[1,6]	6.341
y[1,7]	u[1,7]	1.334
y[2,0]	u[2,0]	3.5
y[2,1]	u[2,1]	7.506
y[2,3]	u[2,3]	6.243
y[2,4]	u[2,4]	5.162
y[2,5]	u[2,5]	2.9
y[2,6]	u[2,6]	5.92
y[2,7]	u[2,7]	7.376
y[3,0]	u[3,0]	6.888
y[3,1]	u[3,1]	3.72
y[3,2]	u[3,2]	6.243
y[3,5]	u[3,5]	5.315
y[3,7]	u[3,7]	2.55
y[4,0]	u[4,0]	1.709
y[4,1]	u[4,1]	6.718
y[4,2]	u[4,2]	5.162
y[4,6]	u[4,6]	0.949
y[4,7]	u[4,7]	7.5
y[5,0]	u[5,0]	6.075
y[5,2]	u[5,2]	2.9
y[5,3]	u[5,3]	5.315
y[5,7]	u[5,7]	7.316
y[6,0]	u[6,0]	2.421
y[6,1]	u[6,1]	6.341
y[6,2]	u[6,2]	5.92
y[6,4]	u[6,4]	0.949
y[6,7]	u[6,7]	7.256
y[7,0]	u[7,0]	6.736
y[7,1]	u[7,1]	1.334
y[7,2]	u[7,2]	7.376
y[7,3]	u[7,3]	2.55
y[7,4]	u[7,4]	7.5
y[7,5]	u[7,5]	7.316
y[7,6]	u[7,6]	7.256
@MAT
