@RHS
@OBJ
y[0,1]	u[0,1]	5.88
y[0,2]	u[0,2]	3.5
y[0,3]	u[0,3]	5.045
y[0,4]	u[0,4]	1.992
y[0,5]	u[0,5]	4.031
y[0,6]	u[0,6]	5.831
y[1,0]	u[1,0]	5.88
y[1,2]	u[1,2]	4.002
y[1,3]	u[1,3]	1.2
y[1,4]	u[1,4]	5.385
y[1,6]	u[1,6]	5.349
y[2,0]	u[2,0]	3.5
y[2,1]	u[2,1]	4.002
y[2,3]	u[2,3]	3.912
y[2,4]	u[2,4]	4.519
y[3,0]	u[3,0]	5.045
y[3,1]	u[3,1]	1.2
y[3,2]	u[3,2]	3.912
y[3,4]	u[3,4]	4.294
y[3,6]	u[3,6]	4.249
y[4,0]	u[4,0]	1.992
y[4,1]	u[4,1]	5.385
y[4,2]	u[4,2]	4.519
y[4,3]	u[4,3]	4.294
y[4,5]	u[4,5]	2.47
y[4,6]	u[4,6]	3.9
y[5,0]	u[5,0]	4.031
y[5,4]	u[5,4]	2.47
y[5,6]	u[5,6]	3.78
y[6,0]	u[6,0]	5.831
y[6,1]	u[6,1]	5.349
y[6,3]	u[6,3]	4.249
y[6,4]	u[6,4]	3.9
y[6,5]	u[6,5]	3.78
@MAT
