@RHS
@OBJ
y[0,1]	u[0,1]	4.998
y[0,2]	u[0,2]	6.277
y[0,3]	u[0,3]	6.407
y[0,4]	u[0,4]	3.189
y[0,5]	u[0,5]	0.781
y[0,6]	u[0,6]	6.268
y[0,7]	u[0,7]	2.53
y[0,8]	u[0,8]	4.512
y[0,9]	u[0,9]	5.197
y[0,10]	u[0,10]	2.377
y[1,0]	u[1,0]	4.998
y[1,2]	u[1,2]	1.655
y[1,3]	u[1,3]	2.202
y[1,5]	u[1,5]	4.653
y[1,6]	u[1,6]	1.868
y[1,8]	u[1,8]	4.58
y[1,9]	u[1,9]	5.025
y[1,10]	u[1,10]	5.334
y[2,0]	u[2,0]	6.277
y[2,1]	u[2,1]	1.655
y[2,3]	u[2,3]	3.068
y[2,5]	u[2,5]	6.061
y[2,6]	u[2,6]	0.361
y[2,8]	u[2,8]	4.561
y[2,9]	u[2,9]	4.793
y[2,10]	u[2,10]	6.067
y[3,0]	u[3,0]	6.407
y[3,1]	u[3,1]	2.202
y[3,2]	u[3,2]	3.068
y[3,5]	u[3,5]	5.855
y[3,6]	u[3,6]	3.418
y[3,8]	u[3,8]	6.78
y[4,0]	u[4,0]	3.189
y[4,5]	u[4,5]	3.97
y[4,7]	u[4,7]	2.9
y[4,8]	u[4,8]	4.105
y[4,9]	u[4,9]	4.534
y[4,10]	u[4,10]	1.811
y[5,0]	u[5,0]	0.781
y[5,1]	u[5,1]	4.653
y[5,2]	u[5,2]	6.061
y[5,3]	u[5,3]	5.855
y[5,4]	u[5,4]	3.97
y[5,6]	u[5,6]	6.096
y[5,7]	u[5,7]	3.015
y[5,8]	u[5,8]	4.916
y[5,9]	u[5,9]	5.614
y[5,10]	u[5,10]	3.046
y[6,0]	u[6,0]	6.268
y[6,1]	u[6,1]	1.868
y[6,2]	u[6,2]	0.361
y[6,3]	u[6,3]	3.418
y[6,5]	u[6,5]	6.096
y[6,8]	u[6,8]	4.295
y[6,9]	u[6,9]	4.494
y[6,10]	u[6,10]	5.923
y[7,0]	u[7,0]	2.53
y[7,4]	u[7,4]	2.9
y[7,5]	u[7,5]	3.015
y[7,8]	u[7,8]	6.213
y[7,10]	u[7,10]	3.585
y[8,0]	u[8,0]	4.512
y[8,1]	u[8,1]	4.58
y[8,2]	u[8,2]	4.561
y[8,3]	u[8,3]	6.78
y[8,4]	u[8,4]	4.105
y[8,5]	u[8,5]	4.916
y[8,6]	u[8,6]	4.295
y[8,7]	u[8,7]	6.213
y[8,9]	u[8,9]	0.7
y[8,10]	u[8,10]	2.64
y[9,0]	u[9,0]	5.197
y[9,1]	u[9,1]	5.025
y[9,2]	u[9,2]	4.793
y[9,4]	u[9,4]	4.534
y[9,5]	u[9,5]	5.614
y[9,6]	u[9,6]	4.494
y[9,8]	u[9,8]	0.7
y[9,10]	u[9,10]	3.225
y[10,0]	u[10,0]	2.377
y[10,1]	u[10,1]	5.334
y[10,2]	u[10,2]	6.067
y[10,4]	u[10,4]	1.811
y[10,5]	u[10,5]	3.046
y[10,6]	u[10,6]	5.923
y[10,7]	u[10,7]	3.585
y[10,8]	u[10,8]	2.64
y[10,9]	u[10,9]	3.225
@MAT
