@RHS
@OBJ
y[0,2]	u[0,2]	4.909
y[0,3]	u[0,3]	1.811
y[0,4]	u[0,4]	2.202
y[0,5]	u[0,5]	2.476
y[0,6]	u[0,6]	5.099
y[0,7]	u[0,7]	4.639
y[0,9]	u[0,9]	5.22
y[1,2]	u[1,2]	3.585
y[1,5]	u[1,5]	5.8
y[1,6]	u[1,6]	4.884
y[1,7]	u[1,7]	6.61
y[1,9]	u[1,9]	4.393
y[2,0]	u[2,0]	4.909
y[2,1]	u[2,1]	3.585
y[2,3]	u[2,3]	4.393
y[2,4]	u[2,4]	5.162
y[2,5]	u[2,5]	2.563
y[2,6]	u[2,6]	1.924
y[2,7]	u[2,7]	5.07
y[2,8]	u[2,8]	6.11
y[2,9]	u[2,9]	1.5
y[3,0]	u[3,0]	1.811
y[3,2]	u[3,2]	4.393
y[3,4]	u[3,4]	3.848
y[3,5]	u[3,5]	1.9
y[3,6]	u[3,6]	5.261
y[3,7]	u[3,7]	2.828
y[3,9]	u[3,9]	5.209
y[4,0]	u[4,0]	2.202
y[4,2]	u[4,2]	5.162
y[4,3]	u[4,3]	3.848
y[4,5]	u[4,5]	3.513
y[4,6]	u[4,6]	4.5
y[4,7]	u[4,7]	6.61
y[4,8]	u[4,8]	5.07
y[4,9]	u[4,9]	4.817
y[5,0]	u[5,0]	2.476
y[5,1]	u[5,1]	5.8
y[5,2]	u[5,2]	2.563
y[5,3]	u[5,3]	1.9
y[5,4]	u[5,4]	3.513
y[5,6]	u[5,6]	3.396
y[5,7]	u[5,7]	3.624
y[5,9]	u[5,9]	3.314
y[6,0]	u[6,0]	5.099
y[6,1]	u[6,1]	4.884
y[6,2]	u[6,2]	1.924
y[6,3]	u[6,3]	5.261
y[6,4]	u[6,4]	4.5
y[6,5]	u[6,5]	3.396
y[6,8]	u[6,8]	4.206
y[6,9]	u[6,9]	0.5
y[7,0]	u[7,0]	4.639
y[7,1]	u[7,1]	6.61
y[7,2]	u[7,2]	5.07
y[7,3]	u[7,3]	2.828
y[7,4]	u[7,4]	6.61
y[7,5]	u[7,5]	3.624
y[7,9]	u[7,9]	6.401
y[8,2]	u[8,2]	6.11
y[8,4]	u[8,4]	5.07
y[8,6]	u[8,6]	4.206
y[8,9]	u[8,9]	4.684
y[9,0]	u[9,0]	5.22
y[9,1]	u[9,1]	4.393
y[9,2]	u[9,2]	1.5
y[9,3]	u[9,3]	5.209
y[9,4]	u[9,4]	4.817
y[9,5]	u[9,5]	3.314
y[9,6]	u[9,6]	0.5
y[9,7]	u[9,7]	6.401
y[9,8]	u[9,8]	4.684
@MAT
