@RHS
@OBJ
y[0,2]	u[0,2]	2.693
y[0,3]	u[0,3]	6.519
y[0,5]	u[0,5]	2.341
y[0,6]	u[0,6]	7.69
y[0,7]	u[0,7]	8.053
y[0,8]	u[0,8]	6.389
y[0,9]	u[0,9]	6.987
y[1,2]	u[1,2]	8.053
y[1,3]	u[1,3]	4.368
y[1,4]	u[1,4]	0.4
y[1,6]	u[1,6]	3.64
y[1,8]	u[1,8]	4.837
y[1,9]	u[1,9]	5.25
y[2,0]	u[2,0]	2.693
y[2,1]	u[2,1]	8.053
y[2,3]	u[2,3]	3.895
y[2,5]	u[2,5]	0.608
y[2,6]	u[2,6]	5.814
y[2,7]	u[2,7]	8.204
y[2,8]	u[2,8]	4.717
y[2,9]	u[2,9]	5.629
y[3,0]	u[3,0]	6.519
y[3,1]	u[3,1]	4.368
y[3,2]	u[3,2]	3.895
y[3,4]	u[3,4]	4.494
y[3,5]	u[3,5]	4.42
y[3,6]	u[3,6]	3.64
y[3,8]	u[3,8]	3.499
y[3,9]	u[3,9]	4.604
y[4,1]	u[4,1]	0.4
y[4,3]	u[4,3]	4.494
y[4,6]	u[4,6]	4.016
y[4,8]	u[4,8]	5.188
y[4,9]	u[4,9]	5.632
y[5,0]	u[5,0]	2.341
y[5,2]	u[5,2]	0.608
y[5,3]	u[5,3]	4.42
y[5,6]	u[5,6]	6.42
y[5,8]	u[5,8]	5.308
y[5,9]	u[5,9]	6.198
y[6,0]	u[6,0]	7.69
y[6,1]	u[6,1]	3.64
y[6,2]	u[6,2]	5.814
y[6,3]	u[6,3]	3.64
y[6,4]	u[6,4]	4.016
y[6,5]	u[6,5]	6.42
y[6,7]	u[6,7]	6.101
y[6,8]	u[6,8]	1.36
y[6,9]	u[6,9]	1.628
y[7,0]	u[7,0]	8.053
y[7,2]	u[7,2]	8.204
y[7,6]	u[7,6]	6.101
y[7,8]	u[7,8]	5.434
y[7,9]	u[7,9]	4.518
y[8,0]	u[8,0]	6.389
y[8,1]	u[8,1]	4.837
y[8,2]	u[8,2]	4.717
y[8,3]	u[8,3]	3.499
y[8,4]	u[8,4]	5.188
y[8,5]	u[8,5]	5.308
y[8,6]	u[8,6]	1.36
y[8,7]	u[8,7]	5.434
y[8,9]	u[8,9]	1.131
y[9,0]	u[9,0]	6.987
y[9,1]	u[9,1]	5.25
y[9,2]	u[9,2]	5.629
y[9,3]	u[9,3]	4.604
y[9,4]	u[9,4]	5.632
y[9,5]	u[9,5]	6.198
y[9,6]	u[9,6]	1.628
y[9,7]	u[9,7]	4.518
y[9,8]	u[9,8]	1.131
@MAT
