@RHS
@OBJ
y[0,2]	u[0,2]	2.693
y[0,3]	u[0,3]	6.519
y[0,5]	u[0,5]	2.341
y[0,6]	u[0,6]	7.69
y[0,7]	u[0,7]	8.053
y[1,2]	u[1,2]	8.053
y[1,3]	u[1,3]	4.368
y[1,4]	u[1,4]	0.4
y[1,5]	u[1,5]	8.631
y[1,6]	u[1,6]	3.64
y[2,0]	u[2,0]	2.693
y[2,1]	u[2,1]	8.053
y[2,3]	u[2,3]	3.895
y[2,4]	u[2,4]	8.249
y[2,5]	u[2,5]	0.608
y[2,6]	u[2,6]	5.814
y[2,7]	u[2,7]	8.204
y[3,0]	u[3,0]	6.519
y[3,1]	u[3,1]	4.368
y[3,2]	u[3,2]	3.895
y[3,4]	u[3,4]	4.494
y[3,5]	u[3,5]	4.42
y[3,6]	u[3,6]	3.64
y[4,1]	u[4,1]	0.4
y[4,2]	u[4,2]	8.249
y[4,3]	u[4,3]	4.494
y[4,5]	u[4,5]	8.819
y[4,6]	u[4,6]	4.016
y[5,0]	u[5,0]	2.341
y[5,1]	u[5,1]	8.631
y[5,2]	u[5,2]	0.608
y[5,3]	u[5,3]	4.42
y[5,4]	u[5,4]	8.819
y[5,6]	u[5,6]	6.42
y[5,7]	u[5,7]	8.58
y[6,0]	u[6,0]	7.69
y[6,1]	u[6,1]	3.64
y[6,2]	u[6,2]	5.814
y[6,3]	u[6,3]	3.64
y[6,4]	u[6,4]	4.016
y[6,5]	u[6,5]	6.42
y[6,7]	u[6,7]	6.101
y[7,0]	u[7,0]	8.053
y[7,2]	u[7,2]	8.204
y[7,5]	u[7,5]	8.58
y[7,6]	u[7,6]	6.101
@MAT
